3918 106 19
4200 43 9
4200 43 9
error
4483 19 14
4502 111 19
0 213 2
3131 170 2
4483 19 14
4502 111 19
0 213 2
213 13 3
226 170 2
396 19 14
415 111 19
526 115 6
641 185 0
0 213 2
226 170 2
396 19 14
415 111 19
526 115 6
641 185 0
1004 19 1
4731 63 7
0 213 2
213 12 4
226 170 2
396 19 14
415 111 19
526 115 6
641 185 0
1004 19 1
4731 63 7
error
0 213 2
213 12 4
225 170 2
395 185 0
580 219 7
799 63 7
862 189 19
1051 85 12
1277 107 12
error
0 185 0
467 189 19
656 47 12
2272 168 9
0 185 0
185 189 19
374 47 12
421 168 9
0 185 0
185 189 19
374 168 9
542 9 14
551 52 12
603 203 3
0 185 0
185 189 19
374 168 9
542 9 14
551 52 12
603 164 7
0 185 0
185 189 19
374 168 9
542 9 14
551 52 12
603 164 7
error
0 185 0
374 168 9
542 9 14
603 164 7
2356 70 17
4627 183 10
0 185 0
185 39 14
224 108 13
332 168 9
500 9 14
509 164 7
673 70 17
743 183 10
926 183 10
1109 144 2
185 39 14
224 108 13
332 168 9
500 9 14
509 164 7
673 70 17
743 183 10
926 183 10
1109 144 2
error
0 39 14
39 108 13
147 168 9
315 9 14
324 164 7
488 70 17
558 183 10
741 183 10
924 144 2
1068 235 2
0 39 14
39 108 13
147 168 9
315 9 14
324 164 7
488 70 17
558 183 10
741 183 10
924 144 2
1068 235 2
1303 214 4
