14 18
13 10 12 16 17 19 12 20 19 19 13 20 20 14 19 11 16 18
15 19 10 18 19 13 10 12 13 19 11 13 17 20 17 16 17 19
10 15 16 20 20 18 12 12 20 13 16 19 12 11 12 10 13 15
16 20 16 10 13 17 16 11 11 16 10 15 11 15 19 12 18 13
10 11 12 14 15 11 11 19 10 18 15 13 15 19 20 12 12 20
20 20 19 13 12 11 12 16 11 20 13 11 20 19 19 15 17 19
14 10 12 13 15 11 14 17 18 19 13 18 15 14 14 13 14 10
11 18 15 16 20 10 15 14 12 11 11 14 11 10 13 10 18 14
20 17 16 16 15 10 13 18 20 13 18 20 15 12 20 14 11 15
20 18 11 10 14 11 14 16 12 10 11 12 17 14 16 15 13 13
12 17 13 15 10 12 11 11 10 14 16 19 12 18 11 13 18 15
19 18 11 18 13 18 19 12 14 11 14 15 16 10 14 15 15 14
13 14 18 12 19 18 16 18 15 16 20 11 17 18 10 10 17 10
13 14 20 16 20 12 20 12 20 14 15 20 14 13 16 10 19 13