31 40
49 42 45 42 34 47 45 48 48 50 38 43 47 36 32 46 49 35 44 48 37 41 50 44 42 36 31 31 48 49 43 48 35 43 33 50 31 31 34 39
32 50 32 36 37 45 45 34 30 49 49 31 48 31 49 44 41 45 48 44 40 49 48 35 49 37 31 44 34 44 43 42 49 39 40 34 36 42 35 32
47 42 37 48 45 30 39 44 43 31 38 39 32 47 50 44 39 49 45 31 30 42 30 30 42 36 45 33 43 30 43 34 49 34 38 32 33 42 46 33
47 43 48 31 49 34 49 32 32 40 44 31 46 43 31 40 50 47 42 36 46 38 42 50 38 44 34 30 49 44 38 39 39 45 45 35 32 35 49 42
35 45 36 48 49 45 38 40 45 35 37 34 41 49 43 35 45 31 33 31 43 44 41 35 49 42 50 49 30 34 43 42 41 47 49 38 36 42 34 34
49 44 37 50 41 33 45 49 34 40 47 34 42 42 31 43 49 32 35 32 36 49 41 35 38 34 49 35 48 43 38 40 46 44 44 34 46 46 37 50
43 39 44 41 34 50 45 37 49 34 30 41 45 50 34 34 50 40 42 43 35 34 40 42 33 30 45 30 38 42 37 40 32 30 45 40 43 35 45 48
46 34 36 43 34 38 38 40 38 31 44 50 46 46 32 38 46 45 50 44 33 36 37 50 33 48 39 43 44 34 48 48 33 47 41 35 38 40 47 37
35 40 33 35 43 35 32 33 32 35 42 38 48 35 49 45 40 36 37 40 31 37 33 35 45 48 46 40 49 33 32 45 40 49 33 33 50 41 37 37
38 39 32 50 50 37 31 36 31 40 50 38 39 33 32 37 48 36 50 49 41 41 43 47 31 48 39 42 49 30 49 43 50 48 46 32 41 45 42 48
33 31 47 39 50 30 39 46 39 39 38 39 45 44 40 43 47 39 50 48 38 48 43 40 43 32 31 35 44 35 38 32 31 36 42 38 31 36 39 40
42 43 41 41 45 40 34 32 38 36 31 34 33 50 50 46 40 38 30 35 47 31 43 50 43 41 42 31 50 34 30 36 41 33 46 33 33 30 32 35
41 48 39 46 44 37 50 32 30 32 38 33 33 43 48 50 37 34 37 46 43 49 41 34 31 39 49 45 30 38 50 39 31 50 49 41 39 41 48 48
44 48 40 49 48 32 39 50 31 35 41 40 50 34 50 37 30 33 35 37 40 35 32 47 38 31 38 37 40 46 46 33 30 46 33 38 40 31 47 46
47 32 43 30 37 31 41 37 49 41 48 44 41 49 38 41 36 49 44 40 50 45 36 35 32 31 45 45 46 47 40 45 36 33 36 47 46 38 30 46
45 44 35 39 43 31 42 40 50 40 36 41 42 45 47 42 47 36 43 41 41 48 49 48 44 45 32 34 33 35 42 45 34 35 49 45 33 30 37 42
36 46 43 30 39 37 44 46 48 38 47 42 32 33 43 39 49 31 35 31 33 33 50 36 41 42 39 45 30 35 33 34 48 42 32 32 31 49 42 41
31 41 33 39 44 42 42 32 38 36 46 49 47 41 47 50 31 40 35 47 37 46 42 44 32 47 30 35 40 41 44 33 49 46 39 43 45 45 48 37
48 32 34 49 45 34 39 47 44 41 46 36 40 38 48 30 36 39 49 46 40 40 39 50 38 43 44 37 40 50 35 32 40 47 38 50 41 47 41 46
48 43 42 48 34 31 32 50 49 44 31 43 44 30 41 39 30 42 50 44 44 33 34 38 33 34 32 39 48 47 34 32 39 38 35 49 36 40 31 31
47 42 31 32 38 41 34 47 49 39 37 43 41 41 46 30 36 48 30 32 42 43 47 45 33 44 33 34 44 50 40 46 42 44 40 31 32 39 33 31
45 46 31 43 35 30 33 31 41 47 30 34 39 30 38 36 31 30 39 39 37 48 48 38 44 41 49 36 37 47 44 44 35 49 36 44 40 50 48 32
45 43 38 44 35 40 42 50 31 37 32 31 32 37 41 32 40 32 42 34 42 45 39 32 39 40 38 49 39 46 43 43 48 42 47 49 46 46 46 47
45 33 30 50 42 44 48 46 38 49 39 37 41 44 47 41 46 40 40 31 44 44 38 44 32 41 38 48 36 37 47 41 41 48 32 43 49 45 33 50
34 43 40 30 32 41 42 40 44 39 35 31 44 46 50 40 30 35 33 36 42 45 33 34 31 38 40 38 48 35 46 45 44 35 31 30 33 46 37 38
33 49 49 36 39 36 45 32 49 31 35 44 43 48 35 45 44 38 45 32 37 43 32 40 34 38 41 39 33 35 49 43 48 43 50 36 35 49 39 50
42 46 48 47 37 48 40 39 36 48 34 46 50 37 47 32 44 33 50 44 48 35 32 46 39 31 39 50 50 38 44 50 50 44 38 40 39 37 30 36
34 36 33 41 44 40 41 32 34 38 40 39 39 34 48 34 39 33 49 43 48 44 31 37 46 36 44 46 46 39 30 31 41 46 46 48 41 45 37 42
32 36 36 45 38 47 39 45 31 42 43 46 33 41 36 47 41 47 43 37 31 33 46 36 43 48 30 45 46 32 30 31 50 37 41 33 36 49 47 44
39 45 43 47 35 50 50 46 30 50 39 33 48 49 35 47 32 49 36 31 43 38 40 42 30 41 30 46 35 48 38 39 48 41 50 38 42 47 35 44
37 33 43 44 30 30 37 46 38 50 32 35 31 39 41 49 32 33 44 50 33 41 40 34 43 43 34 38 41 30 31 32 31 41 45 46 37 34 34 41