49 38
42 43 46 36 44 42 49 32 34 36 43 46 38 50 42 48 35 30 39 41 37 35 50 38 43 39 38 36 42 45 36 45 38 40 40 49 37 35
39 34 42 31 46 37 38 33 38 36 31 49 30 50 45 50 37 43 44 33 48 46 38 37 30 44 38 48 44 42 42 40 36 36 47 41 35 41
47 30 34 30 31 36 39 50 40 48 49 34 31 31 43 32 48 41 38 34 35 42 49 41 31 32 41 32 33 30 50 42 50 47 39 40 36 47
48 32 37 41 42 40 42 41 46 47 32 50 35 46 47 34 35 32 46 33 37 45 38 49 50 30 47 39 49 41 33 37 41 39 33 44 42 39
45 40 38 49 35 47 39 30 39 34 49 47 44 44 50 33 48 35 32 50 44 50 31 39 49 37 32 48 37 35 46 33 47 33 39 50 48 36
46 30 50 30 35 37 40 33 50 40 30 36 38 49 49 42 45 31 45 39 34 32 30 42 34 48 34 30 43 34 33 37 48 47 44 43 49 37
43 39 31 45 43 39 47 34 33 45 48 38 31 41 47 37 35 44 43 32 37 35 30 39 46 47 31 38 34 48 38 47 44 34 33 45 38 35
48 36 48 49 32 49 35 34 33 38 30 48 40 43 46 33 42 39 47 32 34 41 32 48 49 47 45 49 40 31 31 47 48 46 48 34 49 41
40 46 34 49 39 50 37 46 37 46 42 40 47 39 31 34 49 31 48 48 31 45 47 49 39 45 50 39 48 47 32 31 31 48 31 43 30 43
32 34 33 50 42 33 30 46 50 50 50 36 50 41 38 40 50 30 32 41 44 40 44 47 30 30 30 31 49 32 46 32 30 43 39 46 45 38
43 38 39 37 39 44 33 40 36 43 43 50 49 36 36 48 48 46 36 32 38 31 36 30 37 40 38 42 49 33 39 30 44 50 41 37 42 32
40 33 48 30 30 37 45 36 33 43 38 45 31 48 36 46 39 49 49 36 30 46 44 39 50 49 34 43 45 42 32 32 42 40 33 49 41 38
36 46 45 33 45 38 48 41 49 31 37 43 44 42 40 50 31 49 50 39 38 50 50 43 43 43 33 43 36 30 48 34 35 34 43 44 39 37
50 43 30 37 39 31 36 41 32 36 40 45 41 42 47 40 45 46 42 33 45 38 47 49 41 32 45 38 37 30 37 48 39 50 43 49 37 33
42 44 46 41 42 49 43 35 31 32 47 33 34 37 46 46 42 37 33 49 50 38 31 31 39 41 40 43 42 48 42 38 42 49 30 30 45 46
42 43 36 34 41 47 48 43 30 40 42 31 46 38 36 45 43 47 31 41 34 32 40 50 36 36 45 49 43 35 38 32 34 33 43 30 50 38
38 30 39 36 31 40 41 38 32 38 31 50 35 43 46 44 39 50 37 32 46 41 35 39 38 33 34 31 38 34 41 31 44 38 39 41 37 30
50 42 31 34 39 41 39 43 43 39 31 38 45 44 37 34 39 30 40 35 44 46 32 33 30 45 46 47 49 31 39 40 46 35 32 31 39 35
41 30 39 34 45 40 46 37 31 46 34 49 37 48 45 39 47 37 42 32 48 41 30 43 37 34 46 42 47 46 35 35 31 30 43 47 35 33
40 35 39 37 35 38 42 38 32 35 46 42 33 49 30 32 34 40 42 44 49 42 32 40 47 44 33 31 32 33 32 35 39 40 47 35 34 45
39 42 39 35 31 37 43 47 43 30 31 50 33 50 42 49 31 50 39 46 49 47 30 34 38 44 30 39 43 50 45 30 41 47 36 46 31 37
30 42 36 36 36 50 47 43 32 34 41 43 35 38 37 36 41 37 34 47 42 37 40 49 39 50 39 36 37 38 50 30 45 42 32 43 33 49
43 31 48 31 34 30 38 31 37 33 42 43 38 48 40 32 47 33 33 31 48 33 44 50 38 45 35 33 38 32 44 31 44 43 44 50 38 31
37 43 36 33 45 39 31 41 35 49 49 42 31 33 47 43 36 44 43 50 47 43 39 32 48 45 33 45 34 44 46 34 34 46 36 31 30 48
38 49 48 34 36 42 48 34 41 31 47 35 42 35 45 40 33 41 36 40 38 38 40 50 49 35 39 37 35 41 45 41 38 44 34 47 39 42
30 49 36 32 36 32 48 42 49 42 36 30 46 49 45 46 33 43 42 49 46 47 50 33 38 48 36 44 43 39 36 42 38 30 41 49 34 47
40 49 35 35 36 35 33 45 41 36 34 35 32 47 31 34 45 33 39 39 47 36 47 35 35 39 44 38 48 30 37 48 39 50 43 35 35 46
31 45 45 46 41 43 45 42 37 35 39 32 48 48 50 48 48 30 36 34 33 42 36 48 32 34 34 47 37 44 47 47 45 45 42 49 42 39
48 39 36 48 46 41 44 35 35 48 33 37 41 39 32 48 41 32 34 33 31 33 49 43 46 32 46 42 38 35 46 45 47 36 32 44 32 43
50 32 49 33 50 44 50 43 43 44 36 40 37 37 36 33 48 37 35 42 43 38 40 41 49 36 31 45 50 44 31 41 46 46 40 37 42 44
34 43 36 37 35 37 34 38 36 48 30 43 46 49 48 37 45 39 30 43 47 31 42 30 37 39 31 37 46 50 47 33 47 43 32 48 39 30
45 40 39 31 33 32 39 42 34 32 49 36 44 43 40 32 34 48 48 31 34 33 35 32 41 50 37 32 35 38 38 36 37 33 37 43 38 50
46 42 31 36 45 38 46 37 41 33 32 36 35 43 43 47 42 43 45 49 43 38 32 46 31 45 48 40 38 46 32 45 33 33 41 37 36 50
49 47 34 46 34 37 41 40 49 44 35 38 47 31 46 33 35 31 36 35 47 40 48 45 41 40 35 32 42 49 38 42 33 42 35 37 34 42
39 47 41 37 38 31 45 31 43 42 36 41 35 42 31 50 35 33 49 31 35 47 43 34 30 48 48 44 33 32 37 44 33 31 35 31 40 42
49 43 36 45 48 36 39 33 38 41 36 30 38 37 36 34 38 30 40 34 46 41 43 38 48 36 48 48 33 36 30 46 39 49 47 41 47 34
50 34 40 40 46 45 47 48 40 42 36 37 49 37 45 45 46 44 34 39 32 32 42 45 36 37 49 47 45 38 44 39 39 44 37 44 47 33
50 32 43 35 41 34 49 46 37 34 32 35 42 30 40 50 46 49 43 36 34 40 30 37 46 49 46 47 46 37 42 35 39 36 34 35 39 32
30 39 49 41 39 32 49 39 45 50 36 34 39 33 36 33 40 50 38 50 34 48 44 41 41 40 47 39 31 39 32 33 40 40 38 38 44 33
35 33 35 50 49 42 33 41 35 42 49 36 35 33 48 49 36 38 38 39 50 46 39 46 33 49 47 32 50 47 38 37 36 40 45 33 34 32
44 39 44 31 50 48 50 34 40 31 38 34 47 47 34 45 48 45 37 42 49 31 35 48 32 37 39 35 45 34 41 33 32 31 37 37 38 48
48 46 40 32 38 41 45 41 44 33 36 50 45 36 36 45 44 41 44 37 37 41 47 37 35 46 41 45 32 48 33 32 47 38 40 41 36 40
36 44 37 46 43 39 33 43 39 42 35 30 30 41 49 30 45 35 45 47 37 47 33 49 39 32 33 48 45 41 45 30 36 31 48 33 49 49
46 35 47 41 50 37 36 31 32 43 47 38 38 39 31 46 47 40 45 50 32 45 35 39 48 46 30 36 35 47 38 49 38 40 44 36 38 40
49 37 39 41 35 30 34 48 32 47 45 50 38 41 47 40 44 47 34 37 50 43 40 44 49 49 48 35 48 45 45 43 30 41 30 42 40 47
32 50 36 46 34 46 36 40 37 45 47 30 35 35 33 36 32 44 44 38 50 33 49 35 36 32 41 46 32 37 44 47 30 44 42 30 32 39
45 41 35 37 48 46 37 43 42 31 42 50 43 46 42 34 43 38 43 34 50 49 47 33 43 45 46 40 35 45 44 41 49 41 50 38 44 39
46 50 45 49 34 35 30 36 30 33 36 39 40 31 39 50 36 32 39 38 44 44 48 37 39 38 33 48 37 42 45 42 41 38 30 41 31 33
48 47 33 46 42 45 48 42 34 42 35 48 33 39 34 33 50 35 50 33 44 43 36 39 46 48 30 34 44 48 38 36 46 37 49 38 45 33